0.785398031630458
-7.5336038044064e-07
-2.69119815023376e-06
-7.32577360283561e-06
-1.65041560824087e-05
-3.18541064306371e-05
-5.35163604236348e-05
-7.81432421146811e-05
-9.6874574265833e-05
-9.40207750749541e-05
-4.80914685021835e-05
6.37714314692199e-05
0.000256961369701205
0.000527262804040097
0.000837789582670772
0.00111016532410029
0.00122553069139072
0.00104126925772575
0.00042557242276416
-0.000692379754417132
-0.00226652008240269
-0.00408751024756306
-0.00576580832721368
-0.00676175751791178
-0.00647381191518905
-0.00438110490929124
-0.000220581182802116
0.00583802187870688
0.0130637069135552
0.020128082478435
0.02519744476015
0.0261697910846779
0.0210327720343689
0.00827034297701141
-0.0127750435798534
-0.0416213439036299
-0.0763860825076011
-0.113485755182566
-0.147503144125094
-0.17184823023624
-0.180745246501545
-0.17184823023624
-0.147503144125094
-0.113485755182566
-0.0763860825076011
-0.0416213439036299
-0.0127750435798534
0.00827034297701141
0.0210327720343689
0.0261697910846779
0.02519744476015
0.020128082478435
0.0130637069135552
0.00583802187870688
-0.000220581182802116
-0.00438110490929124
-0.00647381191518905
-0.00676175751791178
-0.00576580832721368
-0.00408751024756306
-0.00226652008240269
-0.000692379754417132
0.00042557242276416
0.00104126925772575
0.00122553069139072
0.00111016532410029
0.000837789582670772
0.000527262804040097
0.000256961369701205
6.37714314692199e-05
-4.80914685021835e-05
-9.40207750749541e-05
-9.6874574265833e-05
-7.81432421146811e-05
-5.35163604236348e-05
-3.18541064306371e-05
-1.65041560824087e-05
-7.32577360283561e-06
-2.69119815023376e-06
-7.5336038044064e-07
0.785398031630458
