0.774731971649834
-0.0096329253666681
-0.00598858054483829
-0.000512397777440089
0.00550586299093802
0.0105696448374966
0.013344119176482
0.0130026464049805
0.00946277393268341
0.00344474709746392
-0.00366981045131101
-0.0101498364983244
-0.0143285674036912
-0.0150261783273352
-0.0118777343968259
-0.00547494902014057
0.00272567635846043
0.0107144074861897
0.0163945641290336
0.0181056428181445
0.0150822570018228
0.00772431780906215
-0.00240678821332139
-0.0128778978282138
-0.0209065374683812
-0.024022757649567
-0.0207366776991655
-0.0110415783890178
0.00339421780847416
0.0193978762367597
0.0327927891779168
0.0391774432111828
0.0348835766028811
0.0178760329117755
-0.0116943696415892
-0.0513231159826725
-0.0960835889315808
-0.138575334112814
-0.169668895104829
-0.181162984874425
-0.169668895104829
-0.138575334112814
-0.0960835889315808
-0.0513231159826725
-0.0116943696415892
0.0178760329117755
0.0348835766028811
0.0391774432111828
0.0327927891779168
0.0193978762367597
0.00339421780847416
-0.0110415783890178
-0.0207366776991655
-0.024022757649567
-0.0209065374683812
-0.0128778978282138
-0.00240678821332139
0.00772431780906215
0.0150822570018228
0.0181056428181445
0.0163945641290336
0.0107144074861897
0.00272567635846043
-0.00547494902014057
-0.0118777343968259
-0.0150261783273352
-0.0143285674036912
-0.0101498364983244
-0.00366981045131101
0.00344474709746392
0.00946277393268341
0.0130026464049805
0.013344119176482
0.0105696448374966
0.00550586299093802
-0.000512397777440089
-0.00598858054483829
-0.0096329253666681
0.774731971649834
