0.785403404974807
2.14394176587236e-05
5.96116157636865e-05
0.000128245936569261
0.000229195888194976
0.000344025706249982
0.000427929509665366
0.000402828797444648
0.000171375588890388
-0.000359506335317269
-0.00122917511861541
-0.00237442153181344
-0.00357935623725962
-0.00446636054754074
-0.0045291164558589
-0.00324155900119501
-0.000214773583991313
0.00460242476301246
0.0107505956306996
0.0171473449014028
0.022116663876537
0.0235699327286111
0.0193609988397399
0.00772474900750829
-0.0122745793779935
-0.040383290509783
-0.0748300028626438
-0.112011808179123
-0.14636271945927
-0.171062840872128
-0.180109363205639
-0.171062840872128
-0.14636271945927
-0.112011808179123
-0.0748300028626438
-0.040383290509783
-0.0122745793779935
0.00772474900750829
0.0193609988397399
0.0235699327286111
0.022116663876537
0.0171473449014028
0.0107505956306996
0.00460242476301246
-0.000214773583991313
-0.00324155900119501
-0.0045291164558589
-0.00446636054754074
-0.00357935623725962
-0.00237442153181344
-0.00122917511861541
-0.000359506335317269
0.000171375588890388
0.000402828797444648
0.000427929509665366
0.000344025706249982
0.000229195888194976
0.000128245936569261
5.96116157636865e-05
2.14394176587236e-05
0.785403404974807
