0.78605088153952
0.00186504332709181
0.00408651331330444
0.00715439171033148
0.0106632286680216
0.0134252655626691
0.0139125199480602
0.0100661823072741
0.000143089506964827
-0.0172134559979196
-0.0420128308315688
-0.0729382351756433
-0.106554209661394
-0.137771424764627
-0.160164975407567
-0.168401399861263
-0.160164975407567
-0.137771424764627
-0.106554209661394
-0.0729382351756433
-0.0420128308315688
-0.0172134559979196
0.000143089506964827
0.0100661823072741
0.0139125199480602
0.0134252655626691
0.0106632286680216
0.00715439171033148
0.00408651331330444
0.00186504332709181
0.78605088153952
