0.785387240994824
-5.67513485912673e-05
-0.000170149958232078
-0.000399560509289484
-0.000780670948903014
-0.00131726646847988
-0.00193963503437178
-0.00247954552847526
-0.00265629402037552
-0.00211198779765307
-0.000485673383014304
0.0024534274684091
0.00665827302414616
0.0116545408690264
0.0164645064370052
0.0196248658051319
0.0193574078148667
0.0138579600748574
0.00168132527510296
-0.0178868504362902
-0.0444911337453791
-0.0764200501899977
-0.110337712317819
-0.141266948785743
-0.163283769877317
-0.171304179022502
-0.163283769877317
-0.141266948785743
-0.110337712317819
-0.0764200501899977
-0.0444911337453791
-0.0178868504362902
0.00168132527510296
0.0138579600748574
0.0193574078148667
0.0196248658051319
0.0164645064370052
0.0116545408690264
0.00665827302414616
0.0024534274684091
-0.000485673383014304
-0.00211198779765307
-0.00265629402037552
-0.00247954552847526
-0.00193963503437178
-0.00131726646847988
-0.000780670948903014
-0.000399560509289484
-0.000170149958232078
-5.67513485912673e-05
0.785387240994824
