0.785215855351639
-0.000479172600057493
-0.000965426855530806
-0.00147701202671866
-0.00178010916089847
-0.00141851449519887
2.20661925732418e-05
0.00291009990138763
0.00715616183127261
0.0121869698431942
0.0166368601938814
0.018616841040326
0.0157972785093109
0.00609998431909554
-0.0119521026168874
-0.0384816398633671
-0.0720287475616868
-0.108948293028657
-0.14353525586069
-0.168574859830681
-0.177800084439629
-0.168574859830681
-0.14353525586069
-0.108948293028657
-0.0720287475616868
-0.0384816398633671
-0.0119521026168874
0.00609998431909554
0.0157972785093109
0.018616841040326
0.0166368601938814
0.0121869698431942
0.00715616183127261
0.00291009990138763
2.20661925732418e-05
-0.00141851449519887
-0.00178010916089847
-0.00147701202671866
-0.000965426855530806
-0.000479172600057493
0.785215855351639
